1.790812220709631780e-02
4.747331938884132713e-02
4.747315482112571955e-02
1.896413380027785200e-02
2.249433760925662051e-02
2.249433770612412758e-02
2.361483364671686846e+00
2.362905430922112249e+00
1.503936658829437834e+00
2.883464361952635890e+00
2.943190999013136189e+00
2.150069151762127539e+00
2.173882315075775118e+00
4.014965658265261084e+00
4.053361566259631843e+00
3.336909960473362524e+00
3.319763438436039937e+00
1.521770685314793425e+00
5.099801107495420815e+00
5.100196345272063780e+00
2.326091030294415773e+00
2.330654723308945631e+00
5.152720909216876422e+00
5.283499562230485225e+00
1.513216400453779364e+00
1.229612470259087598e+00
1.460691768696513293e+00
1.468133834540322535e+00
1.955939927081654428e+00
1.956031072826625250e+00
1.711172884502243363e+00
2.850957937964933908e+00
2.810779554906491562e+00
2.268273620744250429e+00
2.268719201158905907e+00
3.470156363807547883e+00
3.539874359741236542e+00
3.794856957114807194e+00
3.795334002503561788e+00
5.869079787233732581e+00
5.869368505120621471e+00
1.843031665580604717e+00
1.861763250331610831e+00
5.707046823050176965e-01
5.710187281453932284e-01
2.970429811507970363e+00
